249448095874678796
581477267134218240
664284794145865729
860011883666866187
248282019052650497
248282019052650497
171114085427970048
734685636161962014
439259153668767745
248282019052650497
199726400473661440
367103709479436291
775404296090157106
692027922487181423
367103709479436291
412349009357832193
901446230155100202
900438771319836742
242507539315556352
416288214463283201
618907505820565515
217117663858655232
320539399035289600
327896057218334731
675713857309638656
460491528251506688
916753463080267837
751528032610549891
137923771850948608
785119832227053568
864183507492667392
309335225631244289
321739498734223361
125623911688830976
879403098957840414
376862774531194883
703252840449048700
703252840449048700
422049104818864128
232168267739824128
485945085616193547
241714072943460353
437447591018496002
823533149849780224
391216419540303872
332604602648100866
839752136166604800
243755280419127297
313870449262198784
209689398416113664
613881504811974676
407673491316539402
620073827371712551
432205229740654594
735135225918652507
859499725009715200
243819224559124489
243819224559124489
302941982488133643
363476867011051532
363476867011051532
879906154996715571
594231716969840662
327774083532062730
544530333786439690
104567292095905792
384958555142225920
594295627202953217
649418356927234050
706056348361818142
476733849683099658
160248112089268225
290937904455221251
696536040680194058
244934163541655552
885315509246107648
383432309585477632
352795112616624130
345020790300868608
427045702774947850
274553253138661386
880449165040173086
411470356558249995
732147901358145577
810028393327230976
261913796379934721
884075044257554493
458740866874343435
909988230504517653
